

Profit Factor above and below various thresholds

Threshold Frac Gtr/Eq Long Pf Short PF Frac Less Short Pf Long Pf
1.5817 0.632232 0.04 0.893324 1.11941
1.6135 0.61977 0.09 0.863532 1.15803
1.7152 0.583021 0.19 0.932128 1.07281
1.62477 0.61547 0.29 0.714026 1.40051
1.39896 0.714819 0.39 0.532588 1.87762
1.21732 0.821475 0.49 0.493737 2.02537
1.24332 0.804295 0.59 0.550228 1.81743
1.40198 0.713278 0.69 0.610432 1.63818
1.33226 0.750605 0.79 0.613008 1.6313
1.69824 0.588845 0.89 0.65063 1.53697
0.918388 1.08886 0.94 0.616497 1.62207
0 Inf 0.98 0.608684 1.64289